image: /home/davidhan/Desktop/google003.pgm
resolution: 0.050000
origin: [-6.181341, -25.637635, 0.000000]
negate: 0
occupied_thresh: 0.65
free_thresh: 0.196

